#Layer_Color=26112
#
#Feature symbol names
#
$0 r8
$1 r3.937
$2 r1.9685

#
#Feature attribute names
#

#
#Layer features
#
L -0.245 0.025 -0.245 0.165 1 P 0
L -0.31 0.075315 -0.31 0.1146851 1 P 0
L -0.3296851 0.095 -0.290315 0.095 1 P 0
L -0.375 0.025 -0.245 0.025 1 P 0
L -0.375 0.025 -0.375 0.165 1 P 0
L -0.375 0.165 -0.245 0.165 1 P 0
L -0.3815748 -0.0420472 -0.3815748 0.2020472 0 P 0
L -0.5784252 -0.0420472 -0.3815748 -0.0420472 0 P 0
L -0.5784252 -0.0420472 -0.5784252 0.1705512 0 P 0
L -0.5784252 0.1705512 -0.5784252 0.2020472 0 P 0
L -0.5784252 0.2020472 -0.3815748 0.2020472 0 P 0
L -0.5815748 -0.0420472 -0.5815748 0.2020472 0 P 0
L -0.7279921 0.2750393 -0.7279921 0.4049606 1 P 0
L -0.7309921 0.4290393 -0.7309921 0.5589606 1 P 0
L -0.7579134 0.892441 -0.7579134 0.9475591 2 P 0
L -0.7579134 0.962441 -0.7579134 1.0175591 2 P 0
L -0.7784252 -0.0420472 -0.5815748 -0.0420472 0 P 0
L -0.7784252 -0.0420472 -0.7784252 0.1705512 0 P 0
L -0.7784252 0.1705512 -0.7784252 0.2020472 0 P 0
L -0.7784252 0.2020472 -0.5815748 0.2020472 0 P 0
L -0.7815748 -0.0420472 -0.7815748 0.2020472 0 P 0
L -0.79 0.3203149 -0.79 0.359685 1 P 0
L -0.793 0.4743149 -0.793 0.513685 1 P 0
L -0.7964567 0.5752362 -0.7964567 0.8547638 2 P 0
L -0.809685 0.34 -0.7703149 0.34 1 P 0
L -0.812685 0.494 -0.7733149 0.494 1 P 0
L -0.815 0.904252 -0.815 0.935748 1 P 0
L -0.815 0.974252 -0.815 1.005748 1 P 0
L -0.830748 0.92 -0.799252 0.92 1 P 0
L -0.830748 0.99 -0.799252 0.99 1 P 0
L -0.8520078 0.2750393 -0.7279921 0.2750393 1 P 0
L -0.8520078 0.2750393 -0.8520078 0.4049606 1 P 0
L -0.8520078 0.4049606 -0.7279921 0.4049606 1 P 0
L -0.8550078 0.4290393 -0.7309921 0.4290393 1 P 0
L -0.8550078 0.4290393 -0.8550078 0.5589606 1 P 0
L -0.8550078 0.5589606 -0.7309921 0.5589606 1 P 0
L -0.8720866 0.892441 -0.7579134 0.892441 2 P 0
L -0.8720866 0.892441 -0.8720866 0.9475591 2 P 0
L -0.8720866 0.9475591 -0.7579134 0.9475591 2 P 0
L -0.8720866 0.962441 -0.7579134 0.962441 2 P 0
L -0.8720866 0.962441 -0.8720866 1.0175591 2 P 0
L -0.8720866 1.0175591 -0.7579134 1.0175591 2 P 0
L -0.8924409 0.4329134 -0.8924409 0.5470866 2 P 0
L -0.8975591 0.8726378 -0.8975591 1.0025591 1 P 0
L -0.92 0.474252 -0.92 0.505748 1 P 0
L -0.935748 0.49 -0.904252 0.49 1 P 0
L -0.947559 0.4329134 -0.8924409 0.4329134 2 P 0
L -0.947559 0.4329134 -0.947559 0.5470866 2 P 0
L -0.947559 0.5470866 -0.8924409 0.5470866 2 P 0
L -0.95 0.6953149 -0.95 0.734685 1 P 0
L -0.9595669 0.9179134 -0.9595669 0.9572835 1 P 0
L -0.9696851 0.715 -0.930315 0.715 1 P 0
L -0.9735984 0.1800866 -0.9735984 0.3159134 1 P 0
L -0.9784252 -0.0420472 -0.7815748 -0.0420472 0 P 0
L -0.9784252 -0.0420472 -0.9784252 0.1705512 0 P 0
L -0.9784252 0.1705512 -0.9784252 0.2020472 0 P 0
L -0.9784252 0.2020472 -0.7815748 0.2020472 0 P 0
L -0.979252 0.9375984 -0.9398819 0.9375984 1 P 0
L -1.0109606 0.5154409 -1.0109606 0.570559 1 P 0
L -1.011 0.2283149 -1.011 0.267685 1 P 0
L -1.0215748 0.8726378 -0.8975591 0.8726378 1 P 0
L -1.0215748 0.8726378 -1.0215748 1.0025591 1 P 0
L -1.0215748 1.0025591 -0.8975591 1.0025591 1 P 0
L -1.030685 0.248 -0.9913149 0.248 1 P 0
L -1.0484015 0.1800866 -0.9735984 0.1800866 1 P 0
L -1.0484015 0.1800866 -1.0484015 0.3159134 1 P 0
L -1.0484015 0.3159134 -0.9735984 0.3159134 1 P 0
L -1.0574409 0.8749606 -1.0574409 0.9950394 1 P 0
L -1.0670709 0.1480393 -1.0670709 0.2779606 1 P 0
L -1.0679606 0.316441 -1.0679606 0.3715591 1 P 0
L -1.071 0.5252834 -1.071 0.5607165 1 P 0
L -1.085 0.9172835 -1.085 0.9527165 1 P 0
L -1.0887165 0.543 -1.0532835 0.543 1 P 0
L -1.1027165 0.935 -1.0672834 0.935 1 P 0
L -1.1035433 0.5752362 -0.7964567 0.5752362 2 P 0
L -1.1035433 0.5752362 -1.1035433 0.8547638 2 P 0
L -1.1035433 0.8547638 -0.7964567 0.8547638 2 P 0
L -1.112559 0.8749606 -1.0574409 0.8749606 1 P 0
L -1.112559 0.8749606 -1.112559 0.9950394 1 P 0
L -1.112559 0.9950394 -1.0574409 0.9950394 1 P 0
L -1.128 0.3262835 -1.128 0.3617166 1 P 0
L -1.1310394 0.5154409 -1.0109606 0.5154409 1 P 0
L -1.1310394 0.5154409 -1.1310394 0.570559 1 P 0
L -1.1310394 0.570559 -1.0109606 0.570559 1 P 0
L -1.1329134 0.8724409 -1.1329134 0.927559 2 P 0
L -1.1329134 0.9474409 -1.1329134 1.002559 2 P 0
L -1.1330866 0.6155985 -1.1330866 0.6904016 1 P 0
L -1.134 0.193315 -1.134 0.2326851 1 P 0
L -1.1359606 0.7344409 -1.1359606 0.789559 1 P 0
L -1.1457165 0.344 -1.1102835 0.344 1 P 0
L -1.153685 0.213 -1.1143149 0.213 1 P 0
L -1.1880394 0.316441 -1.0679606 0.316441 1 P 0
L -1.1880394 0.316441 -1.1880394 0.3715591 1 P 0
L -1.1880394 0.3715591 -1.0679606 0.3715591 1 P 0
L -1.19 0.884252 -1.19 0.915748 1 P 0
L -1.19 0.959252 -1.19 0.990748 1 P 0
L -1.196 0.7442834 -1.196 0.7797165 1 P 0
L -1.2009291 0.1480394 -1.0670709 0.1480394 1 P 0
L -1.2009291 0.1480394 -1.2009291 0.2779607 1 P 0
L -1.2009291 0.2779607 -1.0670709 0.2779606 1 P 0
L -1.201 0.633315 -1.201 0.6726851 1 P 0
L -1.205748 0.9 -1.174252 0.9 1 P 0
L -1.205748 0.975 -1.174252 0.975 1 P 0
L -1.2137165 0.762 -1.1782835 0.762 1 P 0
L -1.220685 0.653 -1.1813149 0.653 1 P 0
L -1.2385985 0.0700866 -1.2385985 0.2059134 1 P 0
L -1.2434409 0.2719134 -1.2434409 0.3860866 2 P 0
L -1.2470866 0.8724409 -1.1329134 0.8724409 2 P 0
L -1.2470866 0.8724409 -1.2470866 0.927559 2 P 0
L -1.2470866 0.927559 -1.1329134 0.927559 2 P 0
L -1.2470866 0.9474409 -1.1329134 0.9474409 2 P 0
L -1.2470866 0.9474409 -1.2470866 1.002559 2 P 0
L -1.2470866 1.002559 -1.1329134 1.002559 2 P 0
L -1.2560394 0.7344409 -1.1359606 0.7344409 1 P 0
L -1.2560394 0.7344409 -1.2560394 0.789559 1 P 0
L -1.2560394 0.789559 -1.1359606 0.789559 1 P 0
L -1.2637796 0.8726377 -1.2637796 1.002559 1 P 0
L -1.2689134 0.6155985 -1.1330866 0.6155985 1 P 0
L -1.2689134 0.6155985 -1.2689134 0.6904016 1 P 0
L -1.2689134 0.6904016 -1.1330866 0.6904016 1 P 0
L -1.271 0.313252 -1.271 0.344748 1 P 0
L -1.276 0.118315 -1.276 0.1576851 1 P 0
L -1.286748 0.329 -1.255252 0.329 1 P 0
L -1.2879134 0.8094409 -1.2879134 0.864559 2 P 0
L -1.2956851 0.138 -1.256315 0.138 1 P 0
L -1.298559 0.2719134 -1.2434409 0.2719134 2 P 0
L -1.298559 0.2719134 -1.298559 0.3860866 2 P 0
L -1.298559 0.3860866 -1.2434409 0.3860866 2 P 0
L -1.3029134 0.657441 -1.3029134 0.7125591 2 P 0
L -1.309441 0.2709134 -1.309441 0.3850866 2 P 0
L -1.3134016 0.0700866 -1.2385985 0.0700866 1 P 0
L -1.3134016 0.0700866 -1.3134016 0.2059134 1 P 0
L -1.3134016 0.2059134 -1.2385985 0.2059134 1 P 0
L -1.3275985 0.0700866 -1.3275985 0.2059134 1 P 0
L -1.3307087 0.9179134 -1.3307087 0.9572835 1 P 0
L -1.3349606 0.517441 -1.3349606 0.5725591 1 P 0
L -1.3349606 0.577441 -1.3349606 0.6325591 1 P 0
L -1.337 0.312252 -1.337 0.343748 1 P 0
L -1.345 0.821252 -1.345 0.852748 1 P 0
L -1.3503937 0.9375984 -1.3110236 0.9375984 1 P 0
L -1.352748 0.328 -1.321252 0.328 1 P 0
L -1.3539134 0.2014409 -1.3539134 0.256559 2 P 0
L -1.36 0.669252 -1.36 0.700748 1 P 0
L -1.360748 0.837 -1.329252 0.837 1 P 0
L -1.3645591 0.2709134 -1.309441 0.2709134 2 P 0
L -1.3645591 0.2709134 -1.3645591 0.3850866 2 P 0
L -1.3645591 0.3850866 -1.309441 0.3850866 2 P 0
L -1.365 0.118315 -1.365 0.1576851 1 P 0
L -1.375748 0.685 -1.344252 0.685 1 P 0
L -1.3846851 0.138 -1.345315 0.138 1 P 0
L -1.3875985 0.3720866 -1.3875985 0.5079134 1 P 0
L -1.395 0.5272835 -1.395 0.5627166 1 P 0
L -1.395 0.5872835 -1.395 0.6227166 1 P 0
L -1.3976378 0.8726378 -1.2637796 0.8726378 1 P 0
L -1.3976378 0.8726378 -1.3976378 1.0025591 1 P 0
L -1.3976378 1.0025591 -1.2637796 1.002559 1 P 0
L -1.4020866 0.8094409 -1.2879134 0.8094409 2 P 0
L -1.4020866 0.8094409 -1.4020866 0.864559 2 P 0
L -1.4020866 0.864559 -1.2879134 0.864559 2 P 0
L -1.4024016 0.0700866 -1.3275985 0.0700866 1 P 0
L -1.4024016 0.0700866 -1.4024016 0.2059134 1 P 0
L -1.4024016 0.2059134 -1.3275985 0.2059134 1 P 0
L -1.411 0.213252 -1.411 0.244748 1 P 0
L -1.4127165 0.545 -1.3772835 0.545 1 P 0
L -1.4127165 0.605 -1.3772835 0.605 1 P 0
L -1.4170866 0.657441 -1.3029134 0.657441 2 P 0
L -1.4170866 0.657441 -1.4170866 0.7125591 2 P 0
L -1.4170866 0.7125591 -1.3029134 0.7125591 2 P 0
L -1.4175985 0.0710866 -1.4175985 0.2069134 1 P 0
L -1.422441 0.6929134 -1.422441 0.8070866 2 P 0
L -1.425 0.420315 -1.425 0.4596851 1 P 0
L -1.426748 0.229 -1.395252 0.229 1 P 0
L -1.4446851 0.44 -1.405315 0.44 1 P 0
L -1.45 0.734252 -1.45 0.765748 1 P 0
L -1.455 0.119315 -1.455 0.1586851 1 P 0
L -1.4550394 0.517441 -1.3349606 0.517441 1 P 0
L -1.4550394 0.517441 -1.4550394 0.5725591 1 P 0
L -1.4550394 0.5725591 -1.3349606 0.5725591 1 P 0
L -1.4550394 0.577441 -1.3349606 0.577441 1 P 0
L -1.4550394 0.577441 -1.4550394 0.6325591 1 P 0
L -1.4550394 0.6325591 -1.3349606 0.6325591 1 P 0
L -1.4624016 0.3720866 -1.3875985 0.3720866 1 P 0
L -1.4624016 0.3720866 -1.4624016 0.5079134 1 P 0
L -1.4624016 0.5079134 -1.3875985 0.5079134 1 P 0
L -1.465748 0.75 -1.434252 0.75 1 P 0
L -1.4680866 0.2014409 -1.3539134 0.2014409 2 P 0
L -1.4680866 0.2014409 -1.4680866 0.256559 2 P 0
L -1.4680866 0.256559 -1.3539134 0.256559 2 P 0
L -1.4725197 0.2849606 -1.4725197 0.6550393 2 P 0
L -1.4746851 0.139 -1.435315 0.139 1 P 0
L -1.4775591 0.6929134 -1.422441 0.6929134 2 P 0
L -1.4775591 0.6929134 -1.4775591 0.8070866 2 P 0
L -1.4775591 0.8070866 -1.422441 0.8070866 2 P 0
L -1.4924016 0.0710866 -1.4175985 0.0710866 1 P 0
L -1.4924016 0.0710866 -1.4924016 0.2069134 1 P 0
L -1.4924016 0.2069134 -1.4175985 0.2069134 1 P 0
L -1.5429134 0.677441 -1.5429134 0.7325591 2 P 0
L -1.5517621 0.7633464 -1.5517621 0.8066535 1 P 0
L -1.5999904 0.7662992 -1.5999904 0.8037008 1 P 0
L -1.6 0.689252 -1.6 0.720748 1 P 0
L -1.615748 0.705 -1.584252 0.705 1 P 0
L -1.6186912 0.785 -1.5812897 0.785 1 P 0
L -1.63 0.4503149 -1.63 0.489685 1 P 0
L -1.6482188 0.7633464 -1.5517621 0.7633464 1 P 0
L -1.6482188 0.7633464 -1.6482188 0.8066535 1 P 0
L -1.6482188 0.8066535 -1.5517621 0.8066535 1 P 0
L -1.649685 0.47 -1.6103149 0.47 1 P 0
L -1.6570866 0.677441 -1.5429134 0.677441 2 P 0
L -1.6570866 0.677441 -1.6570866 0.7325591 2 P 0
L -1.6570866 0.7325591 -1.5429134 0.7325591 2 P 0
L -1.6779134 0.7274409 -1.6779134 0.782559 2 P 0
L -1.735 0.739252 -1.735 0.770748 1 P 0
L -1.750748 0.755 -1.719252 0.755 1 P 0
L -1.7874803 0.2849606 -1.4725197 0.2849606 2 P 0
L -1.7874803 0.2849606 -1.7874803 0.6550393 2 P 0
L -1.7874803 0.6550393 -1.4725197 0.6550393 2 P 0
L -1.7920866 0.7274409 -1.6779134 0.7274409 2 P 0
L -1.7920866 0.7274409 -1.7920866 0.782559 2 P 0
L -1.7920866 0.782559 -1.6779134 0.782559 2 P 0
