#Layer_Color=16777164
#
#Feature symbol names
#
$0 r3.937
$1 r8

#
#Feature attribute names
#
@0 .nomenclature
@1 .string
@2 .string_angle

#
#Feature attribute text strings
#

#
#Layer features
#
A -0.8771654 0.6205118 -0.8771654 0.6205118 -0.8968504 0.6205118 0 P 0 N
A -1.4981103 0.5448031 -1.4981103 0.5448031 -1.5177953 0.5448031 0 P 0 N
L -0.2509449 0.067441 -0.2509449 0.1225591 0 P 0
L -0.3690551 0.067441 -0.2509449 0.067441 0 P 0
L -0.3690551 0.067441 -0.3690551 0.1225591 0 P 0
L -0.3690551 0.1225591 -0.2509449 0.1225591 0 P 0
L -0.7555512 0.2789764 -0.7555512 0.4010236 0 P 0
L -0.7585512 0.4329764 -0.7585512 0.5550236 0 P 0
L -0.7835039 0.904252 -0.7835039 0.935748 0 P 0
L -0.7835039 0.974252 -0.7835039 1.005748 0 P 0
L -0.8244488 0.2789764 -0.7555512 0.2789764 0 P 0
L -0.8244488 0.2789764 -0.8244488 0.4010236 0 P 0
L -0.8244488 0.4010236 -0.7555512 0.4010236 0 P 0
L -0.8274488 0.4329764 -0.7585512 0.4329764 0 P 0
L -0.8274488 0.4329764 -0.8274488 0.5550236 0 P 0
L -0.8274488 0.5550236 -0.7585512 0.5550236 0 P 0
L -0.846496 0.904252 -0.7835039 0.904252 0 P 0
L -0.846496 0.904252 -0.846496 0.935748 0 P 0
L -0.846496 0.935748 -0.7835039 0.935748 0 P 0
L -0.846496 0.974252 -0.7835039 0.974252 0 P 0
L -0.846496 0.974252 -0.846496 1.005748 0 P 0
L -0.846496 1.005748 -0.7835039 1.005748 0 P 0
L -0.8614174 0.5850787 -0.8614174 0.8449212 0 P 0
L -0.904252 0.4585039 -0.904252 0.521496 0 P 0
L -0.9251181 0.8765748 -0.9251181 0.998622 0 P 0
L -0.935748 0.4585039 -0.904252 0.4585039 0 P 0
L -0.935748 0.4585039 -0.935748 0.521496 0 P 0
L -0.935748 0.521496 -0.904252 0.521496 0 P 0
L -0.9844252 0.2066614 -0.9844252 0.2893386 0 P 0
L -0.9940157 0.8765748 -0.9251181 0.8765748 0 P 0
L -0.9940157 0.8765748 -0.9940157 0.998622 0 P 0
L -0.9940157 0.998622 -0.9251181 0.998622 0 P 0
L -1.0029528 0.3811024 -1.0029528 0.5188976 1 P 0
L -1.0375354 0.5252834 -1.0375354 0.5607165 0 P 0
L -1.0375748 0.2066614 -0.9844252 0.2066614 0 P 0
L -1.0375748 0.2066614 -1.0375748 0.2893386 0 P 0
L -1.0375748 0.2893386 -0.9844252 0.2893386 0 P 0
L -1.0385827 0.5850787 -0.8614174 0.5850787 0 P 0
L -1.0385827 0.5850787 -1.0385827 0.8449212 0 P 0
L -1.0385827 0.8449212 -0.8614174 0.8449212 0 P 0
L -1.0672834 0.9015354 -1.0672834 0.9684646 0 P 0
L -1.0945354 0.3262835 -1.0945354 0.3617166 0 P 0
L -1.1027165 0.9015354 -1.0672834 0.9015354 0 P 0
L -1.1027165 0.9015354 -1.1027165 0.9684646 0 P 0
L -1.1027165 0.9684646 -1.0672834 0.9684646 0 P 0
L -1.1044646 0.5252834 -1.0375354 0.5252834 0 P 0
L -1.1044646 0.5252834 -1.1044646 0.5607165 0 P 0
L -1.1044646 0.5607165 -1.0375354 0.5607165 0 P 0
L -1.158504 0.884252 -1.158504 0.915748 0 P 0
L -1.158504 0.959252 -1.158504 0.990748 0 P 0
L -1.1596614 0.6264252 -1.1596614 0.6795748 0 P 0
L -1.1614646 0.3262835 -1.0945354 0.3262835 0 P 0
L -1.1614646 0.3262835 -1.1614646 0.3617166 0 P 0
L -1.1614646 0.3617166 -1.0945354 0.3617166 0 P 0
L -1.1625354 0.7442834 -1.1625354 0.7797165 0 P 0
L -1.2214961 0.884252 -1.158504 0.884252 0 P 0
L -1.2214961 0.884252 -1.2214961 0.915748 0 P 0
L -1.2214961 0.915748 -1.158504 0.915748 0 P 0
L -1.2214961 0.959252 -1.158504 0.959252 0 P 0
L -1.2214961 0.959252 -1.2214961 0.990748 0 P 0
L -1.2214961 0.990748 -1.158504 0.990748 0 P 0
L -1.2294646 0.7442834 -1.1625354 0.7442834 0 P 0
L -1.2294646 0.7442834 -1.2294646 0.7797165 0 P 0
L -1.2294646 0.7797165 -1.1625354 0.7797165 0 P 0
L -1.2423386 0.6264252 -1.1596614 0.6264252 0 P 0
L -1.2423386 0.6264252 -1.2423386 0.6795748 0 P 0
L -1.2423386 0.6795748 -1.1596614 0.6795748 0 P 0
L -1.2470472 0.3811024 -1.0029528 0.3811024 1 P 0
L -1.2470472 0.3811024 -1.2470472 0.5188976 1 P 0
L -1.2470472 0.5188976 -1.0029528 0.5188976 1 P 0
L -1.2494252 0.0966614 -1.2494252 0.1793386 0 P 0
L -1.255252 0.2975039 -1.255252 0.360496 0 P 0
L -1.286748 0.2975039 -1.255252 0.2975039 0 P 0
L -1.286748 0.2975039 -1.286748 0.360496 0 P 0
L -1.286748 0.360496 -1.255252 0.360496 0 P 0
L -1.3025748 0.0966614 -1.2494252 0.0966614 0 P 0
L -1.3025748 0.0966614 -1.3025748 0.1793386 0 P 0
L -1.3025748 0.1793386 -1.2494252 0.1793386 0 P 0
L -1.313504 0.821252 -1.313504 0.852748 0 P 0
L -1.321252 0.296504 -1.321252 0.3594961 0 P 0
L -1.3285039 0.669252 -1.3285039 0.700748 0 P 0
L -1.3384252 0.0966614 -1.3384252 0.1793386 0 P 0
L -1.352748 0.296504 -1.321252 0.296504 0 P 0
L -1.352748 0.296504 -1.352748 0.3594961 0 P 0
L -1.352748 0.3594961 -1.321252 0.3594961 0 P 0
L -1.3615354 0.5272835 -1.3615354 0.5627166 0 P 0
L -1.3615354 0.5872835 -1.3615354 0.6227166 0 P 0
L -1.3764961 0.821252 -1.313504 0.821252 0 P 0
L -1.3764961 0.821252 -1.3764961 0.852748 0 P 0
L -1.3764961 0.852748 -1.313504 0.852748 0 P 0
L -1.379504 0.213252 -1.379504 0.244748 0 P 0
L -1.391496 0.669252 -1.3285039 0.669252 0 P 0
L -1.391496 0.669252 -1.391496 0.700748 0 P 0
L -1.391496 0.700748 -1.3285039 0.700748 0 P 0
L -1.3915748 0.0966614 -1.3384252 0.0966614 0 P 0
L -1.3915748 0.0966614 -1.3915748 0.1793386 0 P 0
L -1.3915748 0.1793386 -1.3384252 0.1793386 0 P 0
L -1.3984252 0.3986614 -1.3984252 0.4813386 0 P 0
L -1.4284252 0.0976614 -1.4284252 0.1803386 0 P 0
L -1.4284646 0.5272835 -1.3615354 0.5272835 0 P 0
L -1.4284646 0.5272835 -1.4284646 0.5627166 0 P 0
L -1.4284646 0.5627166 -1.3615354 0.5627166 0 P 0
L -1.4284646 0.5872835 -1.3615354 0.5872835 0 P 0
L -1.4284646 0.5872835 -1.4284646 0.6227166 0 P 0
L -1.4284646 0.6227166 -1.3615354 0.6227166 0 P 0
L -1.434252 0.718504 -1.434252 0.7814961 0 P 0
L -1.4424961 0.213252 -1.379504 0.213252 0 P 0
L -1.4424961 0.213252 -1.4424961 0.244748 0 P 0
L -1.4424961 0.244748 -1.379504 0.244748 0 P 0
L -1.4515748 0.3986614 -1.3984252 0.3986614 0 P 0
L -1.4515748 0.3986614 -1.4515748 0.4813386 0 P 0
L -1.4515748 0.4813386 -1.3984252 0.4813386 0 P 0
L -1.465748 0.718504 -1.434252 0.718504 0 P 0
L -1.465748 0.718504 -1.465748 0.7814961 0 P 0
L -1.465748 0.7814961 -1.434252 0.7814961 0 P 0
L -1.4815748 0.0976614 -1.4284252 0.0976614 0 P 0
L -1.4815748 0.0976614 -1.4815748 0.1803386 0 P 0
L -1.4815748 0.1803386 -1.4284252 0.1803386 0 P 0
L -1.4823622 0.3597637 -1.4823622 0.5802362 0 P 0
L -1.5655416 0.7662992 -1.5655416 0.8037008 0 P 0
L -1.5685039 0.689252 -1.5685039 0.720748 0 P 0
L -1.631496 0.689252 -1.5685039 0.689252 0 P 0
L -1.631496 0.689252 -1.631496 0.720748 0 P 0
L -1.631496 0.720748 -1.5685039 0.720748 0 P 0
L -1.6344393 0.7662992 -1.5655416 0.7662992 0 P 0
L -1.6344393 0.7662992 -1.6344393 0.8037008 0 P 0
L -1.6344393 0.8037008 -1.5655416 0.8037008 0 P 0
L -1.703504 0.739252 -1.703504 0.770748 0 P 0
L -1.7664961 0.739252 -1.703504 0.739252 0 P 0
L -1.7664961 0.739252 -1.7664961 0.770748 0 P 0
L -1.7664961 0.770748 -1.703504 0.770748 0 P 0
L -1.7776378 0.3597637 -1.4823622 0.3597637 0 P 0
L -1.7776378 0.3597637 -1.7776378 0.5802362 0 P 0
L -1.7776378 0.5802362 -1.4823622 0.5802362 0 P 0
S P 0
OB -1.1226554 0.4168224 I
OS -1.1132642 0.4168224
OS -1.1132642 0.4041552
OS -1.1226554 0.4041552
OS -1.1226554 0.3889764
OS -1.1366876 0.3889764
OS -1.1366876 0.4041552
OS -1.1675912 0.4041552
OS -1.1675912 0.4167678
OS -1.1348312 0.4648158
OS -1.1226554 0.4648158
OS -1.1226554 0.4168224
OE
OB -1.1779652 0.424794 I
OS -1.1779652 0.4247394
OS -1.1779652 0.4246302
OS -1.1779652 0.4244664
OS -1.1779652 0.4241934
OS -1.1779652 0.4238658
OS -1.1779652 0.4234836
OS -1.1779652 0.4230468
OS -1.1779652 0.42261
OS -1.1780198 0.4214634
OS -1.1780198 0.4202076
OS -1.1780744 0.418788
OS -1.178129 0.4173138
OS -1.1781836 0.4157304
OS -1.1782928 0.414147
OS -1.1783474 0.412509
OS -1.1785112 0.4109256
OS -1.1786204 0.4094514
OS -1.1787842 0.4080318
OS -1.1790026 0.4067214
OS -1.179221 0.4055748
OS -1.179221 0.4055202
OS -1.1792756 0.4053018
OS -1.1793302 0.4050288
OS -1.179494 0.4046466
OS -1.1796032 0.4041552
OS -1.179767 0.4036092
OS -1.1799854 0.402954
OS -1.1802584 0.4022988
OS -1.1809136 0.40077
OS -1.181678 0.3991866
OS -1.1826608 0.3976032
OS -1.1838074 0.3960744
OS -1.183862 0.3960198
OS -1.1839712 0.3959106
OS -1.184135 0.3956922
OS -1.184408 0.3954192
OS -1.1847356 0.3951462
OS -1.1851178 0.394764
OS -1.1856092 0.3943272
OS -1.1861552 0.3938904
OS -1.1867558 0.393399
OS -1.187411 0.3929076
OS -1.1881208 0.3924162
OS -1.1889398 0.3918702
OS -1.1897588 0.3913788
OS -1.190687 0.3908874
OS -1.1916152 0.390396
OS -1.1926526 0.3899592
OS -1.1927072 0.3899592
OS -1.1929256 0.38985
OS -1.1931986 0.3897408
OS -1.1936354 0.389577
OS -1.194236 0.3894132
OS -1.1948912 0.3892494
OS -1.1956556 0.389031
OS -1.1965292 0.3888126
OS -1.1975666 0.3885942
OS -1.1986586 0.3883758
OS -1.1998598 0.388212
OS -1.2011156 0.3880482
OS -1.2025352 0.3878844
OS -1.2039548 0.3877752
OS -1.2055382 0.3877206
OS -1.2071762 0.387666
OS -1.2082136 0.387666
OS -1.208978 0.3877206
OS -1.2098516 0.3877206
OS -1.210889 0.3877752
OS -1.2120356 0.3878844
OS -1.2132914 0.3879936
OS -1.2146018 0.3881028
OS -1.2159668 0.3882666
OS -1.2186968 0.3887034
OS -1.2200072 0.3889764
OS -1.2213176 0.389304
OS -1.2225188 0.3896862
OS -1.2236108 0.390123
OS -1.2236654 0.3901776
OS -1.2238292 0.3902322
OS -1.2241568 0.390396
OS -1.224539 0.3905598
OS -1.2249758 0.3908328
OS -1.2255218 0.3911058
OS -1.2261224 0.391488
OS -1.2267776 0.3918702
OS -1.2281972 0.3927984
OS -1.2296714 0.393945
OS -1.2311456 0.3952008
OS -1.232456 0.3966204
OS -1.2325106 0.396675
OS -1.2326198 0.3967842
OS -1.2327836 0.3970026
OS -1.2329474 0.3973302
OS -1.2332204 0.3976578
OS -1.233548 0.3980946
OS -1.2338756 0.3986406
OS -1.2342032 0.3991866
OS -1.234913 0.4004424
OS -1.2356228 0.401862
OS -1.2362234 0.4033908
OS -1.2367148 0.4050288
OS -1.2367148 0.4050834
OS -1.2367694 0.4053564
OS -1.236824 0.4057386
OS -1.2369332 0.40623
OS -1.2370424 0.4069398
OS -1.2372062 0.4077588
OS -1.2373154 0.4087416
OS -1.2374246 0.4098882
OS -1.2375884 0.411144
OS -1.2376976 0.4125636
OS -1.2378614 0.414147
OS -1.2379706 0.4158396
OS -1.2380252 0.417696
OS -1.2381344 0.4197162
OS -1.238189 0.4219002
OS -1.238189 0.4241934
OS -1.238189 0.4645428
OS -1.2229556 0.4645428
OS -1.2229556 0.4235928
OS -1.2229556 0.4234836
OS -1.2229556 0.423156
OS -1.2229556 0.4226646
OS -1.2229556 0.4220094
OS -1.2229556 0.421245
OS -1.222901 0.4203714
OS -1.222901 0.4193886
OS -1.222901 0.4183512
OS -1.2228464 0.4162218
OS -1.2227918 0.4151298
OS -1.2227372 0.414147
OS -1.2226826 0.4131642
OS -1.2225734 0.4122906
OS -1.2225188 0.4115262
OS -1.2224096 0.4109256
OS -1.2224096 0.410871
OS -1.222355 0.4107072
OS -1.2223004 0.4104888
OS -1.2221912 0.4101612
OS -1.222082 0.409779
OS -1.2219182 0.4092876
OS -1.2214814 0.4082502
OS -1.2208262 0.407049
OS -1.2200618 0.4058478
OS -1.2195704 0.4052472
OS -1.2190244 0.4046466
OS -1.2184238 0.404046
OS -1.2177686 0.4035
OS -1.217714 0.4034454
OS -1.2176048 0.4033908
OS -1.2173864 0.403227
OS -1.2171134 0.4030632
OS -1.2167312 0.4028448
OS -1.2162398 0.4026264
OS -1.2157484 0.4023534
OS -1.2150932 0.402135
OS -1.214438 0.401862
OS -1.2136736 0.401589
OS -1.2128546 0.4013706
OS -1.2119264 0.4011522
OS -1.2109436 0.4009884
OS -1.2099608 0.4008246
OS -1.2088142 0.40077
OS -1.2076676 0.4007154
OS -1.207067 0.4007154
OS -1.2065756 0.40077
OS -1.2060842 0.40077
OS -1.205429 0.4008792
OS -1.2047738 0.4009338
OS -1.2040094 0.401043
OS -1.202426 0.4013706
OS -1.200788 0.4018074
OS -1.1992592 0.4024626
OS -1.1985494 0.4028994
OS -1.1978942 0.4033362
OS -1.1978396 0.4033908
OS -1.1977304 0.4034454
OS -1.1975666 0.4036092
OS -1.1973482 0.4038276
OS -1.1968022 0.4043736
OS -1.196147 0.405138
OS -1.1954372 0.4061208
OS -1.194782 0.4072128
OS -1.1942906 0.4084686
OS -1.1940722 0.4091238
OS -1.1939084 0.4098336
OS -1.1939084 0.4098882
OS -1.1938538 0.4099974
OS -1.1938538 0.4102704
OS -1.1937992 0.410598
OS -1.1937446 0.4110348
OS -1.19369 0.4115262
OS -1.1936354 0.4121814
OS -1.1935262 0.4128912
OS -1.1934716 0.4137648
OS -1.193417 0.414693
OS -1.1933624 0.4157304
OS -1.1933078 0.4169316
OS -1.1932532 0.4181874
OS -1.1932532 0.419607
OS -1.1931986 0.4210812
OS -1.1931986 0.4227192
OS -1.1931986 0.4645428
OS -1.1779652 0.4645428
OS -1.1779652 0.424794
OE
OB -1.1366876 0.4425936 H
OS -1.1540504 0.4168224
OS -1.1366876 0.4168224
OS -1.1366876 0.4425936
OE
SE
